%-----------------------------------------------------------------------
% Job configuration created by cfg_util (rev $Rev: 4252 $)
%-----------------------------------------------------------------------
matlabbatch{1}.spm.util.reorient.srcfiles = {'/Users/caterinatrainito/Documents/Caterina/Rat4_singleSliceROI_ITK.img,1'};
matlabbatch{1}.spm.util.reorient.transform.transM = [0.876735084040767 0.423511323549669 0.227977523535188 -0.162218617603539
                                                     -0.385512004438673 0.902198630882038 -0.193437651113358 6.44536966554377
                                                     -0.287604045252682 0.0817055032405029 0.954257891711936 -9.13405140091685
                                                     0 0 0 1];
matlabbatch{1}.spm.util.reorient.prefix = 'reorient_';
